100
494.56428 1.28182 1944.01309
491.71321 1.15502 1983.00033
223.31420 3.58 382.0
279.0 3.0 892.0
119.65306 3.41092 410.31111
1.67328 3.47608 3.37453
305.329 1.354 115.448
97.65793 3.79307 1517.42797
425.20 1.03 445.967
497.96692 1.43927 1943.75040
177.3180 3.4 2000.00
64.0 1.0 858.0
49.00000 2.00000 98.00000
240.0 1.0 298.0
203.0 2.0 1836.0
191.96499 3.46122 805.63677
48.67732 2.50970 1470.16022
158.00000 2.00000 316.00000
490.63221 1.42477 1981.22675
303.00000 2.00000 606.00000
495.13572 1.27261 1985.52248
62.10500 1.01637 290.41947
367.0 2.0 147.0
165.4 1.00000 642.62
492.21515 1.37833 1999.07425
160.38398 3.40393 1785.76176
1.07619 3.09403 1999.97626
395.63915 1.84670 915.55579
63.0 1.87 1146.5875
492.14862 1.10971 1988.20986
442.0 1.0 411.0
495.03654 2.57904 1877.25768
368.92670 3.54 1474.989
395.0 1.0 1355.0
491.58410 1.02201 1939.57332
162.42 3.1 1615.9778
493.29338 1.47330 1996.56379
498.87496 1.14657 1970.26527
500.0000 2.5440 679.0
356.73091 1.42424 1722.13322
496.52372 1.44790 1913.55532
119.6831 3.0992 394.403
386.00000 1.00000 434.00000
400.50026 1.5188 121.81919
498.69341 1.23228 1923.66022
328.24310 2.28364 1288.86411
495.32767 1.29328 1960.55096
491.75638 1.46164 1963.42769
281.65388 3.07729 123.71622
494.34322 1.07450 1989.10748
260.10868 1.23677 347.56731
442.0 2.0 1784.0
497.21720 1.38048 1971.75430
302.0 3.0 989.0
426.0 1.071 98.0484
421.00000 2.00000 463.00000
495.78642 1.14774 1916.17490
46.0 2.0 534.0
9.0 4.0 1528.0
1.03988 3.85009 1999.35770
414.00000 3.00000 457.00000
1.01088 3.91586 1999.06642
1.03959 3.84696 1999.82984
19.0 2.0 908.0
493.30982 1.11095 1909.77344
497.05351 1.37098 1938.53794
490.81195 1.25980 1996.39052
115.04958 3.72102 1362.18142
1.00 3.2104 61.3
247.82267 1.22718 1263.51364
305.76 1.93 1481.4753
494.48004 1.20231 1919.81253
498.80595 1.00227 1979.92978
216.0 2.0 846.0
98.186 3.0 94.06960
394.12347 4.00000 1964.08185
496.90342 1.02370 1930.05142
311.1 3.15 824.0
279.53665 3.85816 560.58375
491.22013 1.42115 1981.83352
433.00000 1.00000 459.00000
69.95611 1.90753 713.30483
492.07159 1.02446 1951.70175
497.90358 1.13136 1900.44489
497.63822 1.06157 1977.71551
495.39707 1.46202 1955.51453
491.11611 1.48577 1950.47859
454.00000 2.00000 908.00000
490.00940 1.44641 1971.83240
76.65882 1.95764 1401.93793
364.27172 2.44613 24.05159
121.46860 2.42311 1783.41096
498.39089 1.38372 1998.34022
490.16272 1.20467 1968.16667
494.91411 1.00686 1935.90197
498.22329 1.21351 1943.27338
490.58051 1.39027 1968.63157
311.3184 2.612 303.0
135.898 1.8 1.00000
149.30838 1.15168 1313.96466
